184
189
177
104
196
158
195
136
176
130
150
183
165
165
198
145
119
140
150
106
151
192
192
154
181
121
190
148
122
191
103
113
111
138
143
124
161
152
180
131
152
117
128
102
126
129
157
107
142
157
182
181
186
107
157
153
156
108
172
125
129
157
187
166
181
115
163
191
167
160
190
173
191
150
176
185
158
175
140
184
189
146
108
103
160
107
158
159
132
167
162
141
135
170
199
117
142
111
186
154
184
195
150
121
106
100
112
117
147
133
171
103
143
122
147
116
165
131
186
119
182
172
120
139
123
168
123
197
101
112
129
177
121
111
190
165
197
114
143
118
153
107
161
199
192
144
102
139
146
195
185
166
190
110
110
149
155
154
126
163
178
113
144
196
164
151
165
109
117
135
191
137
188
146
154
142
198
129
153
186
131
106
116
197
121
152
134
170
141
139
185
149
111
147
169
121
127
190
108
180
178
129
